10 10
1457 6579 4099 2733 5208 6568 7353 8015 2881 225 
7828 3986 1391 6405 2090 293 3969 8880 4157 2919 
8364 5634 1292 5561 7630 1212 2122 1529 9817 4538 
39 2080 7079 9067 7891 9637 3276 2168 9703 6518 
8701 9945 7310 5935 3303 4388 221 751 2406 3788 
4262 9108 3909 7283 7296 1120 8223 2598 3115 7716 
4414 6155 2857 8955 369 4347 5264 568 56 7772 
4922 6307 8216 1848 9774 3095 4339 8616 74 8088 
2373 3152 8112 2077 2294 8086 6634 7047 8308 6491 
213 220 4438 6639 1915 4100 5106 7163 180 4604 
