11 11
1750 8357 8298 1807 1123 6430 1514 318 4564 9215 7575 
866 4629 8084 9485 6682 620 717 9603 8753 1755 3531 
1335 2279 7021 4113 624 3342 7972 1806 4661 7463 2905 
7572 1075 3398 1044 1934 332 668 876 4672 4574 6277 
4497 9745 989 829 6346 2313 5260 2281 6895 2402 212 
1975 5030 2927 7748 2270 2855 8948 907 9367 8782 6749 
8825 9559 9457 8544 8204 2288 1278 7756 1130 9123 4390 
9856 4321 76 9278 4128 276 4932 7138 258 304 1398 
2028 2379 2252 1166 4263 2752 2909 5706 6893 8773 7675 
6681 4312 6778 1758 5181 774 5052 5674 1653 5756 2266 
597 7140 5633 170 813 2997 4564 5230 9235 1404 5342 
