15 15
2093 3457 264 4158 8297 4687 904 2160 1542 8291 2663 111 1321 4077 8292 
7306 1987 5647 2087 1067 4987 8447 5385 9037 4996 336 1505 570 9612 5544 
5207 5234 5004 749 4064 5522 9293 3947 7270 9675 1798 4174 4137 5146 2079 
223 158 692 9006 5148 5677 1055 1252 182 532 518 2001 5144 8696 7577 
7098 5283 9430 9373 1828 1878 274 2362 4672 375 3935 875 1298 2714 9238 
7673 356 8944 4435 921 9860 5577 3645 3003 2929 7334 3421 5749 2361 9897 
9835 734 3838 8191 7524 7302 2121 7426 871 6947 297 7344 681 2902 3403 
313 7604 795 1621 3728 7133 7094 4378 1166 5955 2455 1578 3409 11 5042 
565 6558 3399 7277 8445 3218 8060 443 3221 5277 9330 8096 6193 203 2411 
4770 3726 4498 2078 4817 6566 8992 2146 4012 171 1749 1302 3213 1218 5603 
1382 3351 1647 5455 4897 4401 2628 5768 256 8687 5775 4445 2333 122 6547 
6286 851 137 9487 1156 2539 2125 4514 3890 5725 2825 926 7224 2654 2869 
1738 324 967 8568 3950 9745 3042 1388 1621 5987 7393 5498 976 4008 835 
3895 770 3843 3907 2832 153 7954 4833 600 14 1266 2001 7617 8110 5850 
6181 38 1012 5964 7320 2164 9129 2654 818 4721 3758 4943 1693 4521 8860 
