20 20
1539 2662 8836 1501 4756 8711 5840 1945 7923 4224 1077 5320 6242 9210 5363 273 23 6117 9307 2618 
9370 931 1557 4432 7580 717 4135 54 2345 4293 5518 918 4093 891 3267 1124 8024 4957 6048 5709 
4258 1283 406 5227 4577 3349 2410 8991 1462 5410 2269 8071 6407 2087 2444 1229 4059 2367 7387 638 
4073 9214 4571 1628 6584 9357 2378 1603 2334 10000 3038 9616 2514 1055 1696 6192 9972 6660 3648 438 
5388 5859 3805 8499 7083 3876 1667 3137 9745 6208 6350 2363 8624 5646 5741 2620 7676 7493 7762 817 
7777 8998 9524 953 6255 5517 4444 5153 4275 1792 8258 6974 1213 2940 9503 6385 428 1867 3065 3005 
2565 3874 5367 7626 7638 8562 1246 4375 7534 8523 3472 4798 2324 1751 1527 9844 541 432 5073 1029 
4453 8802 1493 8257 7092 7623 9115 5137 594 93 9315 3755 1955 5262 5707 6335 7879 5867 6615 4027 
2298 3927 7726 2619 6305 8233 2855 2004 9176 9828 9701 6423 7061 7919 9157 5074 9913 1901 6556 5668 
1320 8937 3642 8374 1611 5761 5572 2085 3990 4582 685 484 9608 1741 5665 4273 2400 7527 6151 5988 
4695 8750 3079 8683 2069 8482 3124 5517 8067 4322 964 9816 9763 8948 5347 5446 5676 77 4557 7684 
2973 1896 5609 1020 8605 2731 9365 6202 3944 1653 4606 3176 6668 3272 711 6079 3509 2 3055 506 
1446 6163 7348 1394 9899 850 8747 1918 2557 8414 249 5156 6948 6878 1314 8503 4404 1450 7825 9596 
1091 1743 9191 5022 2342 3255 3970 4389 1589 2162 1917 2093 3153 5254 8702 6200 3593 1715 6997 4808 
2165 4761 8867 5739 388 1528 1046 3103 3622 1769 9741 6562 7414 9101 9719 1340 5998 1290 9452 3076 
579 8226 8755 4102 3320 448 9420 948 594 4312 1035 8433 3147 1369 9089 9889 8418 4199 6884 591 
7141 4761 733 6719 3306 9670 3783 7541 3413 2051 2384 5292 5397 7160 7629 4246 5285 8860 821 4336 
4710 524 5111 1002 2886 4276 988 1743 5751 8941 3162 7864 6288 815 589 7841 7051 6799 2286 810 
3576 5705 455 1694 6081 2569 1439 310 6654 8627 6689 4274 8694 2405 6784 8031 7505 7780 4337 7423 
9455 8915 3054 825 2183 1345 6023 5211 2045 8484 6680 7755 2508 7915 1046 6627 2259 2702 8104 145 
