20 20
6079 3059 9142 7799 2922 8631 8384 67 7662 6477 5370 6313 8436 3564 385 638 3145 2566 8178 1996 
9846 2035 682 287 5089 570 8426 8195 1679 1890 6169 6623 1757 973 9053 791 9421 694 3558 8912 
2643 8703 3123 1951 5921 570 640 8142 9586 7244 7232 3079 1047 7538 9722 2236 2185 8334 4971 8468 
5634 4546 1537 891 2644 1497 7477 3034 7209 1769 3060 7921 433 1935 6144 1391 7660 596 3434 464 
439 8252 8592 1659 3745 9349 1672 7168 6883 2999 4049 372 5303 7170 3548 6234 715 6899 3041 3428 
3303 3465 7489 6262 2374 984 5428 9833 2427 8273 5831 4603 5668 1131 1053 4010 5605 7782 6552 4282 
3187 9035 5974 2861 4786 6713 5068 536 6683 468 239 1795 2606 326 2456 6991 2371 4450 8904 2745 
6883 107 971 390 9498 9686 8636 4561 3235 7791 6629 3903 3841 9169 3519 4100 7773 4770 6746 44 
9996 2049 4322 5468 9610 481 5182 7703 2004 1951 5895 992 1746 2778 7011 489 9365 1506 6757 5251 
7305 4502 248 9191 324 4388 855 1473 3071 337 2539 6604 1603 4216 3638 5461 9454 7761 5135 1589 
2652 8608 8186 181 3915 7607 8181 7632 4206 5208 4997 6175 6367 7683 1829 6136 88 2232 7377 3284 
7377 7059 1423 9363 8432 1624 4529 9243 6868 631 3390 4678 3371 6087 7250 7900 9879 551 9259 2911 
4461 430 924 7703 9623 8976 807 799 7619 2971 8347 8108 6971 3214 6744 8597 4433 1661 4732 9026 
7234 2208 8805 1355 3013 4318 5965 2655 8481 4982 1098 253 2070 5072 7978 8358 336 195 2695 365 
604 8960 7017 5443 6022 21 4096 1882 4006 9972 4443 705 2754 7478 778 3312 9167 7020 4131 7701 
6446 1672 5098 3655 2181 818 2051 1411 7948 565 6314 6561 1004 2513 5271 4003 6582 2282 7917 9633 
8580 4284 2493 9397 3519 1599 2027 7837 2630 6169 6776 7211 5624 6038 438 2708 4210 381 8734 9347 
5959 1180 1031 9471 9513 2503 217 1716 7527 3262 424 618 8320 2292 2934 9425 266 9905 8572 7815 
1230 4765 7558 2866 2980 5369 5139 5365 6309 4730 5013 2806 8520 547 6763 2016 33 1590 3125 8492 
8385 5338 7147 6448 6599 8242 6747 4334 7794 6836 6983 3436 6004 6834 9830 36 7835 9897 2236 1354 
