1000
481 824
877 938
917 319
19 654
944 276
576 371
941 597
255 697
789 744
107 541
199 744
572 758
765 568
713 441
593 743
184 339
357 150
684 760
527 446
379 951
244 217
225 547
960 223
606 831
377 557
553 706
414 877
353 944
882 152
820 677
223 137
249 212
540 828
760 532
976 331
254 351
385 261
39 454
423 647
839 797
719 338
678 708
873 521
691 693
910 389
221 529
195 865
415 211
603 39
86 85
835 724
378 700
832 883
948 800
915 383
789 422
305 160
653 842
299 957
870 533
676 275
858 819
757 379
70 731
445 603
690 133
15 553
157 883
239 666
452 10
154 926
367 712
0 379
323 962
877 282
607 571
735 214
178 935
264 752
591 675
312 452
884 998
872 534
647 812
644 303
585 97
568 775
113 660
947 632
718 567
888 114
740 884
646 868
920 248
643 399
905 537
610 478
362 951
145 375
925 185
646 705
635 99
626 339
416 33
174 61
333 652
597 579
847 271
927 35
345 925
266 443
636 285
925 809
275 809
991 947
684 849
417 55
823 11
223 906
998 817
635 808
68 141
340 744
526 885
740 334
835 422
77 959
203 616
391 546
471 380
951 290
288 647
846 359
336 404
100 577
692 286
744 239
237 17
883 945
602 317
696 716
175 867
669 285
341 877
889 23
708 493
103 690
546 439
237 802
609 950
716 906
991 251
885 912
542 839
567 278
10 876
6 411
302 0
524 442
415 428
253 869
623 808
425 694
119 981
602 947
786 136
137 991
141 384
477 357
518 636
879 248
181 604
826 430
221 170
281 430
876 528
371 489
183 422
210 705
52 179
942 827
928 390
977 864
90 41
702 25
419 175
211 981
413 13
556 148
118 584
225 801
643 638
572 319
848 410
613 496
224 750
359 531
219 144
765 441
92 664
845 585
330 611
479 844
14 90
213 163
856 106
55 266
122 777
490 974
89 671
753 298
66 185
438 296
6 689
982 195
697 467
499 980
604 248
195 518
299 368
43 23
334 558
87 233
914 903
719 914
175 362
591 724
950 76
182 948
347 55
468 213
919 534
284 394
281 363
97 119
693 729
384 248
603 290
925 208
113 371
192 844
302 994
3 365
188 560
265 139
817 100
776 670
1 342
729 14
877 799
417 196
670 106
611 166
506 884
669 867
701 25
312 768
325 22
749 764
631 497
96 243
166 220
5 124
316 887
963 802
466 9
58 21
900 383
273 484
701 167
284 672
159 276
626 697
67 860
922 365
988 31
275 985
839 957
549 240
376 820
225 49
9 631
33 331
554 622
820 238
263 979
996 825
531 877
417 18
710 944
290 659
591 958
280 372
691 633
808 619
593 447
482 345
170 487
269 150
901 778
753 93
505 847
71 617
333 687
906 830
56 86
391 957
731 503
676 281
234 240
377 112
60 786
204 356
108 482
122 586
319 723
946 155
745 368
126 72
921 791
309 938
146 266
930 257
591 403
420 826
702 931
963 377
222 301
426 32
954 910
680 794
773 996
136 626
446 5
840 761
952 284
131 212
176 320
16 220
136 563
3 853
721 876
548 344
974 448
675 729
529 285
262 908
8 76
878 89
737 678
701 594
1000 828
537 729
781 352
192 893
870 810
803 71
553 408
987 325
1 35
547 134
494 436
420 669
179 997
28 987
789 704
822 157
149 141
517 551
900 452
71 550
590 343
331 389
227 40
36 417
296 630
368 632
365 503
849 45
224 456
155 446
148 182
283 454
470 979
508 437
720 367
895 270
33 864
216 719
369 523
329 811
743 85
830 238
389 705
449 523
276 281
308 837
338 869
880 660
146 27
463 233
740 676
895 980
409 204
618 283
547 422
402 824
197 386
728 833
72 710
235 403
679 471
862 390
654 850
870 323
905 657
872 118
489 399
552 448
920 644
780 39
858 690
699 925
519 939
482 814
937 766
534 880
917 518
260 269
574 421
974 380
749 749
302 653
148 528
319 730
63 46
223 535
92 10
501 873
423 439
317 814
545 699
815 66
217 697
126 557
807 159
46 93
553 944
490 387
595 342
836 144
702 399
821 339
828 347
45 419
127 477
930 952
618 876
907 179
363 786
491 46
276 481
9 873
561 790
924 165
949 831
70 229
275 455
838 851
441 321
526 676
165 442
700 754
983 558
151 43
878 396
477 818
185 696
155 680
101 428
69 768
644 551
103 291
535 956
610 770
178 608
835 919
341 166
165 343
886 671
164 513
620 674
635 392
411 353
482 582
939 509
434 388
437 414
404 520
943 563
279 332
63 147
888 368
475 94
619 864
570 146
68 447
667 222
539 653
52 465
92 326
557 618
783 793
460 470
702 398
709 56
202 667
373 81
598 639
618 758
497 957
624 12
711 255
202 908
506 19
101 744
365 122
38 859
626 346
333 80
986 150
655 700
510 146
242 568
107 276
169 207
917 661
546 523
134 521
487 919
85 558
714 554
704 971
528 216
881 272
111 482
261 581
347 335
499 491
631 249
705 425
273 447
501 714
662 259
506 963
269 579
204 818
939 762
495 955
905 969
910 157
917 131
226 422
715 500
562 908
444 178
583 292
463 50
969 573
853 991
389 344
619 933
740 647
280 815
850 567
169 467
645 268
286 281
579 197
403 943
254 785
994 748
934 936
134 668
505 953
112 542
217 119
782 325
6 415
925 832
322 233
514 560
712 669
961 124
476 660
351 415
409 315
908 881
367 200
798 689
536 794
408 666
43 963
253 199
947 140
221 793
434 574
737 284
357 784
172 85
166 520
464 846
733 15
58 549
373 288
733 701
240 250
735 952
142 457
941 787
113 167
793 630
933 947
513 792
99 149
543 317
927 669
363 626
210 790
500 895
922 106
479 37
672 355
466 986
543 456
805 200
279 714
703 128
919 356
406 405
916 619
497 344
448 309
259 329
560 644
540 7
186 525
602 810
961 451
422 26
614 743
908 955
342 222
497 479
852 117
551 517
94 950
657 422
891 666
880 57
917 572
455 66
102 503
193 921
947 277
581 82
943 275
190 533
107 141
984 404
689 151
114 930
593 179
507 361
561 918
451 603
380 43
19 975
638 783
437 281
559 637
459 728
679 496
468 52
733 273
562 227
63 609
77 672
675 725
763 593
365 943
988 692
357 916
185 405
72 454
450 394
630 91
183 901
12 634
165 727
429 708
453 879
306 362
72 72
695 625
265 455
615 319
965 600
70 271
687 723
505 478
691 230
594 130
464 335
287 678
631 749
6 872
872 829
327 618
745 449
314 395
88 440
717 25
197 603
435 769
270 695
98 297
30 807
595 556
455 21
792 587
28 220
68 646
125 903
948 138
421 592
472 659
446 966
386 724
921 627
739 768
986 761
509 332
846 516
136 891
486 819
332 673
667 371
712 995
356 79
720 31
37 206
393 688
880 271
31 499
497 837
370 322
336 978
38 503
724 494
808 635
24 240
175 462
497 899
584 315
871 397
260 835
605 459
739 211
199 724
939 223
498 223
5 393
523 705
704 271
830 529
164 300
275 345
377 973
606 138
992 930
779 850
843 584
343 32
908 121
943 3
523 857
719 504
258 798
829 286
907 221
999 894
816 885
696 852
965 173
976 202
845 63
629 873
535 997
730 489
888 528
382 780
398 78
596 510
783 540
704 870
123 232
59 77
346 983
976 699
664 459
766 306
494 558
704 790
414 486
922 576
269 328
989 485
76 432
828 814
205 861
286 784
265 111
612 430
468 168
291 689
57 485
360 713
570 253
183 502
946 649
299 739
898 241
675 720
65 196
167 248
167 832
966 163
132 674
418 9
217 758
844 995
887 27
326 769
64 621
391 933
922 986
20 134
178 187
866 911
650 211
392 224
4 379
387 164
490 896
120 358
421 191
981 991
655 800
729 389
309 96
988 45
352 54
995 902
651 432
920 92
560 357
999 866
188 950
564 382
567 1
522 119
744 531
572 595
134 431
133 983
132 71
437 1000
880 407
310 15
190 340
913 860
419 620
949 43
369 296
522 309
676 253
791 254
117 326
78 586
100 903
849 766
962 312
294 692
777 961
633 736
561 142
90 210
360 552
890 692
203 434
6 792
162 776
259 828
764 957
677 318
711 218
445 41
32 806
783 919
625 827
321 675
610 627
248 462
548 492
738 132
635 29
248 976
924 867
168 631
124 39
84 292
412 18
563 358
935 53
598 963
128 384
728 791
702 74
185 58
215 376
831 817
113 169
777 585
266 11
353 527
236 326
680 792
160 407
573 685
177 548
526 843
771 589
227 901
304 139
701 626
551 741
100 580
630 774
230 874
359 432
673 705
376 529
616 222
347 427
653 926
948 310
589 312
450 552
842 747
783 630
796 6
826 640
521 905
663 871
630 521
573 571
726 179
775 266
387 981
679 478
608 291
20 114
649 737
802 46
751 107
834 248
613 67
754 611
750 270
749 673
865 806
137 865
397 705
75 762
540 425
203 244
234 907
847 322
997 603
727 322
676 119
631 425
725 672
434 879
439 508
693 842
611 142
404 246
857 416
