20 20
7228 5723 2182 9826 1943 2563 9833 3474 1708 4904 1483 7294 215 1307 6794 2651 5286 7630 2573 5564 
1455 5706 5720 8144 2062 9481 8909 2216 151 1911 9534 8302 3494 9550 5150 3391 5792 6431 8032 1346 
412 1418 7230 9138 6410 204 4557 3616 9556 3120 117 8390 8543 2321 6577 2977 6124 132 5021 5271 
663 2299 552 6319 4459 761 8106 2260 1335 3040 8993 92 3897 7973 6945 215 1898 5774 5229 7063 
405 7856 5317 381 689 2919 3131 8447 8924 8580 8904 6430 3277 1206 3890 9914 9367 8759 1040 179 
6582 6560 2868 4679 5452 8423 3844 9717 1767 1591 1813 8350 6126 8983 3861 9894 4844 3134 2191 9555 
8118 1748 1382 8637 3935 7292 2824 9157 1727 3966 874 1819 7424 8567 358 143 4336 3823 9132 3284 
49 339 3387 6728 5449 202 3898 8967 7547 3248 6640 1368 99 3117 8507 2995 3699 8325 6705 6952 
1023 7832 1454 3827 3811 5278 8237 9883 6842 4546 5408 1302 7601 7639 9575 8752 4138 3474 4976 6092 
5986 8179 1612 2850 5531 4423 4961 8116 3221 9482 8194 3503 6535 2826 791 4831 4639 3081 3823 126 
8001 9225 2203 9551 7635 987 546 6573 8399 1782 6334 4504 9705 7491 6614 7501 1045 3957 5120 6294 
3801 582 7735 2910 2454 2445 2119 7145 100 241 7749 4409 6048 4749 1505 6844 1245 8054 2546 5176 
4235 6369 6905 1126 7835 915 3402 4415 2013 2741 291 6279 9096 1614 1845 6572 2770 1210 1777 2297 
3798 9668 1191 155 3489 7330 6702 153 7414 2852 9604 5143 855 2266 7021 9331 159 62 2572 1054 
836 1114 4235 8797 5115 4443 4825 8724 7443 1897 2384 3797 8929 1669 8638 6565 7093 3140 872 1198 
4710 7864 1817 7124 8973 5530 9473 7231 1581 3949 2505 9416 358 2144 6585 3789 2989 1106 2579 6430 
7937 3841 4136 6074 9334 9499 5122 9494 4072 438 1258 5380 6824 1918 2602 130 8036 3238 3977 6630 
6589 8998 4887 2622 4927 5454 7724 4884 4497 2752 497 5121 4450 1866 742 1066 5683 9985 8987 3804 
8674 4682 327 7316 5328 1247 7622 7714 8995 3495 1652 1309 7561 6271 7484 3869 5920 8924 1141 453 
1006 3467 5579 292 5921 1823 1787 1634 2058 5659 4653 1018 8349 8940 1943 6368 4153 7789 6910 7317 
