10 10
5870 2721 818 5970 33 4484 3294 6673 7362 803 
5755 5412 2729 9224 3318 8891 6061 7556 6195 3634 
7960 5332 1526 4619 1354 4260 2309 421 6294 8333 
4961 4022 1004 9466 593 9214 8460 1419 1542 6614 
2436 4064 7819 8189 5275 330 1385 9814 4299 2134 
2079 3531 4659 2107 6286 5224 7651 2505 5585 5943 
9759 928 3704 2609 7830 5674 487 393 9679 5060 
1019 1597 4477 1204 4332 7002 3683 5344 5591 9382 
4364 7957 6842 1741 3291 3111 8267 5084 9606 735 
5269 3807 9789 9625 7162 119 1444 5945 2130 3455 
