15 15
5880 4522 3013 2439 3108 6308 5795 4037 6444 3546 1913 9013 8708 4700 4348 
9262 8724 5086 1594 8316 7359 4111 6843 2148 3009 9943 8493 2597 5684 3910 
9566 8947 4807 4585 7625 6526 3526 670 2139 9994 5485 2000 463 7148 1958 
8194 6388 2472 4241 8548 964 5378 5800 5665 8889 2992 5229 8107 1231 8623 
472 6506 790 7892 1130 8185 1672 3226 995 9198 2381 190 6768 551 5497 
6988 9799 9210 1745 6375 1926 1712 4308 2567 1793 361 4760 481 3805 4504 
6315 6486 786 473 6821 1837 8028 3985 1823 4136 3394 7509 1680 104 3110 
2759 6226 8030 3638 6830 3071 8445 1371 6762 4333 5472 5057 7233 1081 9514 
8823 2594 7084 7765 1790 2983 2628 5767 1505 2154 4065 3307 2283 812 2603 
230 1868 8159 8417 6697 2395 5256 8716 8406 5002 1846 7542 3842 7293 428 
830 4474 438 9044 6199 6494 7861 3563 589 7973 3171 8830 7116 6191 3972 
6671 4063 2666 5996 8845 564 6342 6969 6573 7848 4826 8074 3856 3161 4360 
1120 6456 5444 1351 9934 4788 1814 5343 886 1327 3254 4529 1933 1650 9011 
697 2923 533 6202 4527 6810 1825 6011 11 3646 7987 8103 6818 1442 1181 
6974 633 3904 6938 9948 9446 362 6732 3107 2204 8148 3277 5047 7586 592 
