20 20
2524 3278 8899 3873 5730 5511 9004 2927 6669 5300 4914 1757 3528 3462 6803 6031 952 5787 5965 9462 
1384 2297 308 1439 6049 5810 9135 1666 1532 7801 7075 3722 1036 4473 9796 2482 2418 5886 9834 1330 
624 1057 5187 8785 641 3607 7750 3890 9033 4665 5054 5293 1659 2328 2627 1884 7119 1147 2352 8213 
6097 753 9003 7026 2097 936 9319 6388 1404 5866 1298 1834 3498 5873 7427 6959 1889 7332 5938 1606 
2790 9700 7824 9174 1981 5578 1809 9840 1355 1369 3299 9946 6564 2254 9920 9037 8295 2035 5853 6914 
5849 4159 9286 8790 2777 1655 6862 9429 3898 838 8194 4132 8330 765 2832 1505 4453 8397 7634 2456 
6141 2516 9287 3768 7649 6354 9691 8357 6486 2630 9188 128 6796 1352 6406 3207 5744 8574 1179 6852 
9469 7732 4652 9249 3257 6002 3857 8494 3531 5605 2129 777 7599 1648 5614 1331 1947 8981 5959 6421 
2261 4134 6034 5786 2117 8203 9638 3397 122 7820 7761 3575 8230 3495 8760 4809 3916 7335 8845 8971 
1558 3898 8931 384 3350 4087 8979 2439 1648 7939 7974 5792 9952 6220 2801 5620 3095 7343 3741 506 
7907 1608 5384 392 3223 3784 1744 7026 2621 2184 7134 9278 3231 1848 6689 7987 9757 6179 239 8877 
9588 3967 7237 3568 8152 2350 5589 5050 3369 8813 6789 5747 2588 415 2521 2843 1551 1658 6440 2179 
8721 7287 3291 2206 8366 8198 131 358 1914 5293 8247 1643 958 9684 1323 5213 8668 1481 1896 4241 
8932 7295 7396 4223 6399 4033 7338 7388 3729 9293 7931 2150 2004 2113 8809 7000 1897 9096 4530 7110 
9190 5351 481 3719 540 2345 3886 9023 7569 1886 8917 7041 8133 4877 7493 5578 7542 2220 2163 5231 
9864 9028 4610 1649 2058 9919 6578 4878 1116 2569 5703 3448 1387 3005 8591 9005 9295 6618 3591 3358 
2426 4570 769 3750 2732 1053 2315 2287 5722 1288 3489 1263 7946 3380 6480 5456 1676 7749 9185 6279 
1196 6816 8310 4646 876 1463 2205 6145 2241 7337 5184 4946 1256 4324 1269 2179 1319 9958 4885 718 
4910 8572 3031 2355 8318 1212 3026 9477 2388 907 8906 2561 9668 1908 2024 4342 467 2187 9595 7472 
2285 8449 6719 580 1870 9731 1156 1056 363 369 7061 6248 5051 2429 3901 1828 3682 7087 2577 4156 
