10 10
9662 8101 6670 7240 4798 1276 1603 7996 4171 8848 
2515 1403 372 6383 3752 7252 7063 9580 2221 7496 
5433 2172 2236 721 3875 9107 8391 7189 4167 7812 
2650 2085 8989 3382 1617 2921 9592 1140 1874 6327 
2693 3036 1710 8472 2240 6652 5603 1202 1273 4152 
3652 9595 4429 6301 5915 8112 7380 169 8723 4494 
6080 4616 7647 5573 6607 3615 5237 945 7168 9408 
8623 9355 4343 1726 1269 1132 5566 8890 9102 2015 
6721 844 4644 8026 2804 7821 2552 3995 1183 231 
8320 1170 4978 8992 1582 703 98 1889 277 4667 
