20 20
3772 1672 2199 7889 2120 3886 6923 7865 4626 9967 1360 2260 11 7456 280 2038 3628 6024 6207 5034 
9575 120 4489 3988 6671 6425 170 3651 4209 449 7145 2728 1718 5420 2224 8757 4158 9068 4180 7211 
610 7181 5685 8043 4728 7009 9105 1367 1983 5550 1711 1023 7748 6221 1018 9020 2321 1711 4594 11 
4562 8871 3100 8813 7076 6606 5800 6905 2917 1164 3281 81 555 9557 628 3004 8798 5721 7105 1511 
9052 4406 5566 5050 5323 9760 7652 9659 8927 8037 1423 3227 1068 2905 6584 276 2399 4698 7183 7105 
7804 1854 9499 8851 1059 2723 908 2889 9765 849 5168 763 905 2574 4962 3726 3413 7296 3551 8313 
7455 7925 1282 6209 1070 2129 5991 7361 1745 2954 6501 5050 8872 3636 1415 8726 225 1627 6465 8834 
5825 9825 7490 253 2350 6588 1255 2882 1014 1087 6721 222 7610 450 7898 6613 8089 9060 5793 2080 
672 1184 1866 1175 8532 7469 8162 2214 2125 3944 1402 2248 1999 9188 6051 3940 4167 1239 8260 2034 
6715 2506 179 6226 600 2950 2985 1307 6936 2558 1005 7577 6240 9163 29 2370 9843 3428 2176 5720 
2335 3904 3987 2697 6722 1179 6141 1383 4167 2344 3953 2675 9751 328 257 7229 3604 1018 9657 3614 
5844 7188 9957 9825 5953 8748 196 1970 2688 8995 9210 180 5167 3996 7710 21 2487 1624 9123 2207 
3369 6743 8770 2752 6183 738 4890 9735 832 1272 7956 8834 5396 6621 1518 4866 7109 1761 5735 2530 
4837 6289 5559 2135 3672 7731 1927 9453 5203 7579 4144 1637 7058 2300 9014 2188 2722 7326 8736 3079 
2468 9650 382 423 1294 1941 639 4341 215 2110 2474 5816 1941 7605 8065 6483 2400 2412 1223 967 
369 9677 6427 7729 6492 669 1741 4596 1197 5556 820 9432 1902 9286 833 4877 1598 4399 7285 2722 
2810 6429 4876 2812 6478 7112 6883 5426 7406 834 7108 9285 4132 5964 8972 1369 4431 8997 9880 5565 
5794 8303 717 6559 9557 5401 137 6848 2250 4359 260 80 111 5142 2622 951 4339 6385 1003 6764 
714 2347 5252 4518 9465 182 8094 1812 5137 8219 1576 4371 5816 8609 252 2293 4589 1473 4344 2965 
4312 2355 6152 9317 2659 9698 6798 9647 1006 4406 8909 3896 5854 1793 8260 7053 9988 6894 8946 2846 
